4 0.103111 0.589333 0.072889 0.080000
4 0.031111 0.715111 0.021333 0.031111
4 0.464889 0.728444 0.053333 0.050667
4 0.474222 0.674222 0.025778 0.016889
4 0.388000 0.681333 0.022222 0.018667
4 0.389778 0.650667 0.022222 0.019556
4 0.367556 0.771111 0.024000 0.020444
0 0.283111 0.851556 0.032889 0.030222
0 0.200889 0.629333 0.024889 0.026667
0 0.324444 0.617333 0.024889 0.029333
0 0.744000 0.532889 0.040889 0.041778
0 0.814667 0.663556 0.016889 0.016889
0 0.452444 0.658222 0.023111 0.022222
0 0.429778 0.676889 0.018667 0.020444
0 0.556889 0.512444 0.016889 0.018667
1 0.967111 0.208000 0.051556 0.087111