4 0.123556 0.696444 0.083556 0.088000
4 0.016000 0.629778 0.032000 0.073778
4 0.466222 0.643111 0.045333 0.047111
0 0.507111 0.596000 0.016889 0.016889
0 0.720889 0.282222 0.062222 0.056000
0 0.231556 0.462222 0.025778 0.028444
0 0.092444 0.466222 0.026667 0.032889
4 0.055111 0.454667 0.014222 0.015111
0 0.065778 0.429333 0.017778 0.016000
0 0.192000 0.640000 0.017778 0.023111
0 0.240000 0.639556 0.014222 0.018667
0 0.370222 0.622222 0.016889 0.021333
1 0.660889 0.251556 0.047111 0.056889
3 0.945778 0.257333 0.055111 0.061333