0 0.649333 0.406667 0.018667 0.016889
0 0.648889 0.497778 0.017778 0.019556
0 0.815556 0.420444 0.015111 0.014222
0 0.844444 0.452889 0.014222 0.015111
0 0.935111 0.293333 0.021333 0.030222
0 0.934667 0.333778 0.011556 0.011556
0 0.721778 0.377778 0.016000 0.016000
4 0.482667 0.448889 0.016000 0.023111
4 0.521333 0.299111 0.038222 0.034667
4 0.761778 0.391556 0.032000 0.036444
4 0.724000 0.486667 0.020444 0.018667
4 0.784889 0.436889 0.010667 0.013333
4 0.791111 0.460444 0.014222 0.012444
4 0.824889 0.446667 0.014222 0.016889
5 0.199111 0.432889 0.042667 0.049778
6 0.627111 0.358667 0.050667 0.048889
7 0.396444 0.436889 0.049778 0.047111