0 0.502667 0.380889 0.020444 0.018667
0 0.317778 0.433778 0.018667 0.017778
0 0.360889 0.495556 0.012444 0.015111
0 0.385778 0.397333 0.014222 0.016000
4 0.263556 0.339556 0.029333 0.028444
4 0.235556 0.514667 0.014222 0.017778
4 0.447556 0.489333 0.009778 0.013333
0 0.477333 0.457778 0.014222 0.021333
0 0.595556 0.390222 0.012444 0.014222
4 0.556000 0.307556 0.013333 0.012444
4 0.876889 0.557333 0.022222 0.026667
0 0.926667 0.504000 0.013333 0.014222
6 0.022667 0.422222 0.029333 0.042667
6 0.336000 0.400000 0.037333 0.035556
7 0.148889 0.449778 0.038222 0.035556